$ANSIBLE_VAULT;1.1;AES256
64303738363135623932326431616332386664343939316430633161363563326134613334303432
3233396630636666663233326166633832653231623930310a643063316338383066636534653238
61643234333832396563343137316465393263346132396534376234643832626661333237323437
3430663338623032610a633164656537613731626230336664393364613661656432363563323532
64613335313061393539373132333231353638366531326665313135356266313935363839663438
63646133393830616562396663623034663632353137316632633636303330303762353762613736
64646230313239383033316630323635363265356633373266313133333830353562626466326336
38663266396638613861353065343939356133653239626263663534303135383161623033383633
32323866666364633535636533646561376331653331356162323662303734346237666264616461
37343130343034313037656135316561376137393538353037373836306136366431383835633966
31623865333735613631383736363761363837353939383662376231613566643734386261666231
65393565663332363035643034613534303236653466336535303466623238376632383862636132
35353237636531383134313861623934386332343135323938303739333636343339316630653632
61643861326365363263633365636363326634613462383166313061356135636463643638363763
63643836396633633865386466383864323736353539346465313865396337336231656538633232
31366364656331653738326231316638663236326166343731333636633937623334336330326264
63653635646665646563323032643038396330666462356436323638656366656435383964323939
39383166316639393065353962333034323330613665303131373031343465336139343937356231
33616139396239613062383036366230653036626665663066363936333665633136643438623330
37376237353561633161363263323265323762663037633434653862313363373761383937353435
39363761386364303933633737366637363562643363653837306266366136333437633234316531
66646630616136333334616239393237373636613266663431633165366535633532646230303139
62623436656262633138646530393336373436623263366334376632356663643738346630336137
64656464623733663334336438353232643164323066373130363064333863643264663464393366
31363563646435396331316335623465396133356361653430386638646263643231363237356633
64646237306666336437643339313932356239376233653337383436356231643564373865366364
33356465633532386235653432666561383536323762613534363166663139373437343361346635
33356632653163336462
