$ANSIBLE_VAULT;1.1;AES256
66613363663631636636356335313331613033303939343133336161623634323865323337353638
3336383330303638303438616662643265636234353463660a333864636466366233303464336531
33363339363166316261326236333039353037613963363365373433343933666339373039623434
3662313563366461300a623639623134316434636131663262383038313966663839663562663262
63326361666465393531356365363032306461633132393265396130613964343665623266343563
32643139313861353864616330313238303566363036353764353262373539343766653262346636
63663731396135626337633733383135396239623634393663336263383865356438616261373362
64386230373566646332613533666231323739366139323132653733613634313864343839636463
66373834663261366337663136306365646262336137306537323333336232633561356631343464
39666437663163646261333762366361643734376534336332353838363139633937363962653362
33663561643536383365303562663836653935373737306535323363643637306663653837306565
61313664323030393463313030363832373162656531663838636261623661306632396666336366
38373864626333353633663766383233386163376235333064306339626138613734643235633866
33653732373264643036333638663162653565356233323338623564623663666164656163653535
30386564386530353865376539393161306466393735356338663639316133323537373130383031
32383536396635303734633231323662356236626234653065306237636534356263306533646136
30643632393939653966323563333231316138643765356638346538616164656136396432643635
34633539353534613931653566303061616133363737616330663931636162313137643237386132
65626235323736316464656633306432353738346166653631396336316462653766633739306561
62353334643234336439386132336162396536316432376635343531393332356633666530653937
66623133386234353331663033386536323936653765643537623133323263303138323239663138
35623261333332653837393430333733386434613965663861303839346135616134663438336138
36316532663162343262666334643966306361376530623464373936386661613439626531623664
62663130343663313139353366663266613937636437373937623038323537376239623463313364
31656364663030313738663236356232633861303234363164356261613832336535636430333265
32663462653764633961393564623062383864323238343737656133353363633362393337306461
62303661343934323064666232333464613061333466653565653534656137386635393138363665
39353037623435336362
