$ANSIBLE_VAULT;1.1;AES256
62656337666536393561353466333063323439393666326432323031353338633334633737663661
3462393636323932366137343432363339303839303538660a623837366662633639643533646630
63373062376330333138623163616532303331303037356231623338346537636161353534343230
3430626664656437320a373037646235646264623563613733323736303663383531353032396338
35303537643364613565363539323237353839353838383931346632313234623839663464353330
35326233633566663135313436613466646435643134646466383639353564626237316663386238
66393939393838323630663236353030633134613236376466633032313234653561326261626138
32643936343432396336323432343262613663623662626131303133363739653536336636333035
65393730613462623730373164663138396436333631636465343962616536333863303261376633
31333434363235373661396537313664306339303033313766663837306435613764326532343334
31323865643731316137303566383231393833343263383638333632626364373131643665326230
37323562616437303936643761623965386435663065656535353935336231326530633136326532
62356463313261353961626466663338383735666366636666376562336363353730326337633531
38383232383931656464356362636635663838353830393466656239346430396134356561666662
36393161343164346534376365386430313432666262366532323330356530343532313965633465
34303632393630333232643534313066613963353232613934633134373134333765633962366464
37653234316335666130313565636333343735643366396333323936316562306136343331326134
30306361643239326234396135363765363364363436353961633433366630316337316264636464
61343565613433613364333931323238653362393763663736626136646431626164353635373939
34373065636362613561353763646432363562343130376361366166616338383262666135666665
66353966353732343332343839636461396139356634663366626662313434373831646234616362
64376535303130623237623437663664633766653133303233643339393337393631356330336532
61376262623464616430656533363061386332633935346536323830363436633834313536323762
36636363346666306565623330653066653535343861336238636131313831613234616365626535
65323964356231646464633630633733343361353138633335616439333965616262666664646662
35393334636335663234643337396261303366363361666532356663333830626532353738393434
39643438353133633965313062306137663036333034656533356332326232623334626436333830
39636463643536336332
